123456789
987654321
555121212
777888999
444555666
112233445
987123456
654789321
890123456
234567890
678901234
135792468
864209753
246813579
369258147
951753624
741852963
572419386
482601357
615273849
968574312
839461527
357914682
294836175
723649581
164827935
586492713
712345678
852369741
426987135
123987456
654321987
555555555
999999999
888888888
111111111
444444444
777777777
222222222
666666666
333333333
555555556
888888887
111111112
999999990
222222220
777777779
444444445
666666667
333333334
555555557
888888888
111111113
999999991
222222221
777777780
444444446
666666668
333333335
555555558
888888889
111111114
999999992
222222222
777777781
444444447
666666669
333333336
555555559
888888890
111111115
999999993
222222223
777777782
444444448
666666670
333333337
555555560
888888891
111111116
999999994
222222224
777777783
444444449
666666671
333333338
555555561
888888892
111111117
999999995
222222225
777777784
444444450
666666672
333333339
555555562
888888893
111111118
999999996
222222226